87521346
85463721
78623451
45236178
78654312
45637281
56732481
78345126
56437812
56784123
87632415
63425178
86534271
56783124
67854123
83241567
76832451
83245671
87123456
76432158
86573214
78432156
87634215
78213456
75623481
87421356
84532671
64357218
86573412
67548123
78534612
78435216
65723418
84567213
87542316
73214568
76843521
64573218
76423518
78324561
45612378
52346178
53462781
78342561
56743812
34256781
56341278
83452617
54367128
85642137
56321478
75612348
54361278
84352617
76123458
65723481
85643217
56347128
87634251
67581234
86423157
67345218
85647321
56782314
78653421
76234158
64573281
76423581
86435127
64357128
82341567
54672138
67842135
64231578
87653241
65213478
83451267
67324518
75468213
75634281
54362178
74562138
84563217
76548321
67845321
87634125
65741238
65783241
45672138
74356128
78321456
86723451
56342178
65437812
67453128
85642371
65784321
75642138
84567123
85342617
56324718
87612345
67812345
87453261
67823451
67532418
65783412
56734821
86345127
87564321
74532168
56472138
67431258
76231458
67458321
76432581
76581234
87456312
43526718
75324618
85321467
45671238
75642318
78532461
87623415
75634128
86457321
78562314
76534812
67832145
84231567
56324781
86423517
85647231
86574123
67834125
86432157
86574321
34521678
78123456
76584213
78324156
78234516
43526781
67853241
78564321
54621378
53124678
75432681
63452718
82345617
67831245
74563821
84325617
75234618
75683214
86534712
45673812
75632148
87213456
76345812
73425618
31245678
78654321
85641237
34251678
34562781
87231456
67852341
86435271
86743251
76452318
85346217
63452781
78634251
67453218
64572381
87643251
78634125
87634521
56741238
67342158
85621347
86745213
76431258
74123568
76583241
85463712
75231468
86574231
76452381
67843125
85623147
67435812
67453281
86457213
67452318
85341267
87546231
76584321
56743821
75431268
64537218
43521678
65342178
76832145
78512346
78645321
85673124
54678312
73421568
75648213
87543216
87564231
52314678
78654231
32145678
76845231
78642135
85674213
76548123
64537281
76843512
56123478
87642351
85423671
56432781
76834125
74352168
78435126
65734812
62314578
65732148
74563281
78435621
85647312
43567218
87532416
65748321
75684321
65123478
86457123
67534281
64352781
53241678
64512378
84235167
56712348
86743512
86423571
84235671
85467321
76834521
85436217
85432167
65437218
74235168
86345712
65784312
78564123
75642381
64523781
87631245
63241578
76523148
84536271
56347218
85462317
67843521
34512678
23451678
56734812
67231458
87564312
87653124
83245167
87453612
76845312
75634812
54612378
34561278
42135678
85634217
78456213
65437281
84523617
12345678
73452681
64572138
45362718
87543612
42356718
87563241
75631248
67583241
87523461
78534261
34215678
32456178
78523416
87632145
67584123
67843251
78534621
56781234
86754312
85346721
56784312
75342618
45362781
87645312
78453216
86734215
86572314
54236178
87456213
75623418
56783421
78546213
86742135
78645123
67458213
67548312
86534127
86753214
32456718
87523146
53214678
45621378
76542138
75683124
65312478
64357812
74568231
73451268
53462718
76842351
78456123
87534621
34256718
78562134
65748231
45637128
85461237
76453821
87652134
64578231
65743218
62341578
56421378
32456781
83124567
45367812
67543821
42351678
54673218
54632178
65324178
67834521
65721348
86324157
76458231
67852134
67458123
65423781
45213678
64325178
72341568
67345128
75423618
87651234
84512367
65743281
45632178
65723148
86734125
67123458
87456123
76843251
78534216
74536821
87456321
78634512
54673281
34567281
56748231
78342156
84567312
76534821
56432178
86453271
67582341
75423681
67312458
83412567
87546321
65742318
76854213
64573128
78645213
85647213
87653214
86523417
65784123
67421358
65478321
84356271
54673821
75682341
78341256
54678213
76342518
65748312
56412378
75436218
65742381
86324517
45673821
76345821
86547321
63421578
86543271
87452316
75432618
87543621
76458312
76342581
76834512
75468123
86743125
76423158
63457812
76548231
87532146
67845231
75436281
76543218
84536127
84563721
87435261
67843512
76412358
67583421
87623145
87542136
86745321
73425168
73245618
86542371
78563124
76521348
87563421
43256178
73124568
67851234
87645321
43512678
86734521
65473218
76324158
43526178
54623178
86574213
76543281
54678123
75436821
54326781
85423617
67834512
87423156
87546213
84523167
75648321
87541236
75468312
87432156
54231678
75346821
87412356
84523671
83452167
83421567
65473281
75641238
87564213
41235678
56437218
78654213
65742138
76845213
34526718
87643125
45632718
86751234
87632451
64537128
76543128
76854231
62345718
74562318
78541236
65734821
65471238
76548312
86742351
75463218
67845312
87543261
86453217
45673281
84235617
76345281
56437281
56432718
87645231
85213467
87534612
34526781
86541237
85423167
85674123
76324518
86453721
62345781
74562381
86754213
78234156
82134567
86743521
74563218
56784213
67832415
87546123
21345678
87423516
64123578
86321457
87432516
53246178
87654231
56473821
64352718
67534218
75643281
85421367
76324581
75324168
74356218
43567128
56437128
54213678
76845123
86753412
67532148
67523418
78621345
86324571
74536812
64578321
56783241
54637821
86523147
72134568
67234518
76843215
86752314
78543621
86453127
74356281
65473128
45326718
45637821
65734218
83425671
43562178
56234178
86542317
86712345
76854321
67523481
76821345
64312578
75234168
76213458
45623178
86754123
78345261
56423178
67534128
73452618
65783124
54673812
67234581
84521367
43251678
84532167
87643521
85612347
75412368
82345671
65782314
87623451
65734281
87653421
85632147
87634512
75684231
76834251
86572134
67853421
23145678
76853241
75462318
86723145
86312457
73245681
78523461
64357821
56734218
23456178
67543128
85467231
45367128
45678231
87451236
67583412
85436721
86435217
78453261
87435612
75643812
85432671
63452178
65748213
83456271
64578213
76523418
34567812
86534721
86753124
78456312
76583214
76852314
56734281
75683421
75436812
56213478
78523146
65732418
45362178
87324156
73241568
76458213
67582134
42356178
85346127
45678213
45632781
63451278
85324671
78643215
76523481
65743128
75346812
87542361
75623148
71234568
65432781
65423718
67423581
53461278
75463281
78632415
65732481
75684312
54632718
86732145
84567231
76435128
56734128
78564231
74521368
54312678
34567218
86521347
65784231
45673128
78642315
76582314
76321458
65782134
54678321
85467312
78543126
32451678
75463821
83425617
54632781
64523718
56312478
87562134
86571234
67584312
65412378
23415678
64571238
87324516
85632417
56743218
87562341
63214578
76531248
86532471
56732148
85672341
86345217
76458321
84536712
65781234
86234157
65478231
74563128
76853124
54673128
75342681
56324178
86723415
45367281
67435128
73456281
56721348
74568312
85462371
87561234
76534218
76548213
67324158
67845213
78651234
64532781
67412358
87645123
78453126
75436128
56743281
54637812
63425781
34125678
87452361
87534261
64578123
75648123
74532681
74213568
74531268
75346128
67548231
85346271
85234167
45637812
85673241
67453821
78653241
67854231
52341678
65478213
78432516
85312467
76854312
76823415
87563214
65342718
78234561
78653214
67583214
83456712
65234178
85463271
87643512
85647123
78345612
56743128
54326718
67841235
85673421
87531246
86431257
81234567
86547213
87453621
74325681
86752341
75634821
43567821
56748312
86234517
85324617
78563421
86435721
65342781
67845123
86732415
78652314
76582134
78623145
64523178
75621348
84351267
56723148
86573124
67834215
67543812
78521346
61234578
78542361
78435261
75341268
45361278
74325168
65473821
78312456
45326178
54236718
76853412
78412356
23456781
86754321
64573812
56342781
86734251
56784321
45673218
84352167
87563124
64572318
78561234
76345218
64351278
86732451
75683412
67834251
65347812
67548321
74523618
54236781
65748123
85462137
86342157
87546312
86753421
83214567
53467812
67521348
64321578
75324681
65478312
63457128
87423561
75643218
67213458
84536217
86573421
74352618
87641235
63412578
87652341
67523148
74523681
78643512
87432561
54367821
78423516
85342167
76532418
64532178
76852341
85674231
86432517
86341257
86532147
86523471
52134678
34526178
76451238
62345178
86345721
85123467
78421356
78653124
74352681
74568321
75463812
75432168
76532481
78542316
45231678
75682314
74536281
52346718
86543712
85643721
86421357
85642317
53421678
84356217
84567321
76534281
75421368
86342517
43562718
75342168
75684213
83456217
87563412
73245168
86734512
82345167
76458123
56347812
75643128
84325167
78623415
87453126
52346781
56723418
78643125
53426781
56478321
82314567
85412367
85467213
74235681
43562781
76453812
84562371
78564312
34567821
75632418
86572341
54623781
85674312
84561237
56723481
86753241
67453812
87654312
76512348
76342158
86452317
73412568
78641235
65734128
63457821
65472381
75632481
43215678
86573241
86534217
76435812
76584123
86231457
34562178
85673412
64531278
74568213
78653412
87345216
84123567
83245617
74231568
64573821
43567812
65731248
76341258
87341256
86435712
67853124
86453712
86512347
86457231
45321678
84352671
63245178
75123468
85467123
56231478
45678123
78452316
86532417
56742381
75648231
85672134
78631245
75468321
56234781
56782341
67512348
78431256
76842315
67542318
67584321
86752134
87452136
67854312
64578312
67823415
87512346
43125678
78643521
56748213
78652341
75684123
54326178
85634127
45236781
76583124
74568123
67542381
86543217
75346218
76345128
45678312
56478231
53467218
78632145
84562137
56473218
85631247
86547123
67832451
86342571
45631278
45367218
65234718
73456218
73452168
54367812
67324581
54671238
73456812
86452137
78562341
87653412
78453612
75346281
32415678
67842351
84356721
76582341
84562317
54672318
76312458
84321567
53467281
65437821
67853412
56473281
87342516
45312678
67854213
75321468
67584231
75648312
67423158
78543216
65234781
67532481
76234518
65783421
45672318
76812345
64537821
76543821
43256781
78231456
86743215
86451237
56748321
86721345
78634215
63457218
54672381
76852134
75683241
78456231
86543127
87234516
56472318
87643215
78432561
78563241
86452371
65743812
76452138
64325718
85436271
76234581
54367218
45672381
76853214
74325618
87654321
65321478
78563214
73456128
63457281
85673214
67542138
56478312
54631278
87312456
54123678
56472381
56478123
64352178
85643127
64325781
63245718
74512368
85634271
85634721
86123457
54367281
85346712
67452138
45123678
87456231
65432718
76823145
67423518
78546231
75213468
73425681
65347821
23456718
85623471
56342718
67541238
56473812
84312567
65324718
86213457
64357281
53467821
87642315
78324516
84563127
63245781
65478123
78342516
87342156
85234671
67583124
76453218
34562718
74321568
75681234
87345261
87435621
75643821
67341258
84356127
67234158
86542137
74523168
87345621
78543612
75423168
67534821
64213578
83425167
65324781
67435821
67543218
78456321
85231467
51234678
53462178
78546123
76583421
67451238
67345281
34256178
87321456
78643251
76453281
87621345
45623718
87654213
86742315
45678321
67342518
78632451
54321678
78423561
67543281
65423178
64532718
76543812
72345168
56423718
75462138
87453216
85632471
86754231
76542318
76854123
56784231
65347218
63425718
67345821
75468231
45623781
78642351
86412357
74536218
87562314
74532618
78645231
56347821
85672314
34567128
67582314
78532416
67342581
85643271
56471238
54678231
56423781
56748123
76542381
65782341
65347281
76532148
85436712
86547231
87435216
85674321
78634521
53426718
74356821
67843215
78612345
78652134
63124578
74561238
84563271
85432617
76851234
74235618
84356712
84532617
65743821
56783412
78563412
84536721
86457312
74536128
56437821
78451236
54623718
85431267
85342671
67842315
76842135
78546312
87532461
76534128
76435821
76584231
85623417
75234681
64537812
86574312
76845321
56731248
76453128
54362718
65473812
86234571
67321458
85463217
65472318
53246718
53426178
76823451
74563812
76834215
76841235
85436127
67432158
78423156
74351268
85671234
67432518
78452136
54362781
87435126
64521378
65783214
83456721
87564123
87345126
87642135
78345621
87645213
53246781
67854321
84325671
56742318
67821345
85324167
85634712
86745231
67452381
43561278
56234718
67432581
84213567
54637128
75463128
78452361
65341278
86741235
42315678
65712348
87534126
78564213
67531248
56782134
65231478
76541238
76435218
53412678
78542136
85463127
65784213
76584312
75682134
56431278
72345618
78645312
56478213
45236718
65437128
76853421
65431278
75634218
86345271
67853214
45367821
45326781
73456821
86432571
87345612
84531267
78453621
67534812
83452671
85643712
87652314
78654123
87234156
75461238
74356812
76435281
86547312
64235178
72345681
76583412
86731245
43567281
86531247
65432178
67584213
76432518
67852314
76843125
67823145
74312568
84563712
78345216
78532146
65472138
78435612
67458312
87431256
86745312
87654123
67435218
87324561
75462381
64235718
56783214
67345812
86745123
87342561
62134578
43256718
83456127
78543261
54637218
76831245
56347281
67548213
67458231
65421378
87534216
78531246
65347128
75312468
67435281
78534126
78546321
56742138
45637218
56732418
64235781
72314568
76832415
87523416
85234617
76421358
53467128
87234561
86543721
87543126
42356781
54637281
56473128
