563124
423561
453216
653214
453612
456213
564123
542316
432561
564213
543261
632415
654123
452136
543126
412356
435126
453126
654231
653124
123456
534621
532416
523461
561234
453621
534612
456321
234156
645213
546321
345126
564321
654213
652341
435216
654321
342516
435612
435621
621345
324561
231456
612345
512346
546231
642351
423516
432516
643125
546213
563241
234516
213456
431256
521346
451236
562341
541236
564231
623145
632451
345261
543216
456312
564312
631245
654312
321456
453261
643521
345621
523146
546312
634251
532146
634125
623451
542361
642135
653241
543621
563421
652314
342156
641235
562134
456123
534126
342561
563412
456231
645321
651234
234561
645312
421356
653412
632145
642315
563214
653421
542136
546123
534261
532461
423156
643251
562314
523416
645123
652134
345216
435261
645231
634512
531246
634521
643215
543612
643512
452316
345612
312456
324156
432156
452361
534216
634215
324516
341256
623415
