986754213
976548321
897435612
986573124
895432671
864537921
645783921
754236819
845236719
786931245
867432519
923415678
964537128
756324819
879523146
965234178
453216789
764589231
768231459
897324156
978562134
864571239
879531246
895673124
985647231
964231578
893452617
764538129
863214579
567423891
231456789
645721389
867549312
967582341
786912345
645213789
678931245
853467921
954623178
674312589
956324718
678942351
984356217
764523819
976853412
987342516
975462138
423156789
865734921
675842319
894562317
752314689
785649123
678549213
786342159
975634218
976851234
983124567
864572319
876593421
657482139
897653214
789542361
768423591
453126789
892314567
789324516
841235679
785694213
734512689
953421678
431256789
867435129
923456718
986452137
987523416
678123459
546732819
786953214
853246719
976432581
975321468
754681239
645731289
879345612
965734281
986234571
856479123
879542361
678453129
954326718
975468123
856792341
974562318
645738219
874563912
964573821
632457891
975612348
678459312
564783129
867534921
875693412
853462179
546327189
967531248
754683912
764512389
856743921
678952341
978561234
942356781
643215789
967853421
876532149
896534721
789642135
865473129
965784123
786432159
645789321
945632178
981234567
986423517
975431268
654782319
673425189
768934251
657482319
934562718
786321459
845621379
754631289
723145689
784352691
975634281
896321457
768521349
897345126
976812345
956748321
987432156
895342617
456789321
768945312
864325179
867934215
897321456
765892341
786534291
657849312
674583912
768435291
786923415
973421568
923456781
978634512
864357291
854362719
674538129
876521349
987423561
672345189
945326178
978546213
985673412
675438912
876312459
653124789
967541238
985346127
978435126
564213789
879543261
974562381
976854312
879543126
974563218
567832419
975643218
743256819
674589312
563478912
965324718
954236178
657843219
945678123
856471239
564378912
867923415
657342891
657489231
967123458
843251679
876523149
976548231
734125689
743568219
879452361
876945312
874356921
765312489
976452138
984325617
897623415
934562781
754682139
564371289
854679312
678954321
765482319
754632189
768954213
781234569
764582391
785694123
786945321
876953412
657348291
892345617
435621789
895467312
967452318
975432618
678534912
786593214
854621379
784235169
867943215
324567189
865437912
893124567
764351289
894352671
896543217
897564231
897652314
768543129
964571238
567213489
745683912
754361289
675893412
567483129
764583219
786593412
564782319
783425169
842351679
978653241
845637921
678934251
975634128
975346821
657123489
896423571
978634251
897531246
978643521
985623417
879435216
456738912
986542371
965213478
876421359
976451238
764589312
974563281
768942315
879654231
867459213
896345721
965732418
874569213
985647312
964532178
654783921
864532791
986435271
956231478
654327891
845326179
634527189
678934125
863452791
879431256
867432159
976452318
986743251
754682319
945362781
867324519
967842135
563427891
786452139
812345679
756348219
678593124
834256719
978453261
954673812
634578912
879453261
956473812
845673129
856473219
987532416
234516789
963457281
896431257
845637291
789645231
678345129
754326891
967452381
986345127
867923451
956783124
987541236
954672318
986543712
896734512
786592314
879234561
456327819
763412589
964578231
674583129
786432519
978543621
987563421
897623451
975643128
875346219
897634215
785649312
783456291
875321469
896435721
756482319
879456312
964573218
865347129
567234891
956748231
987634512
956478213
976845123
984536127
965732481
678234519
967834512
893425167
756843921
567842139
563478129
546738921
567893412
784563921
789562314
897523416
965312478
967842315
673452819
934567812
879456123
978456321
976452381
976845321
756894231
789642351
976423158
895324671
954678213
789213456
867952341
978234156
896543127
743526891
894563712
754362891
234567189
654372189
789532146
978452361
678532491
897645321
943256178
956347821
879432516
785234169
789632415
975623418
967345821
897521346
987652341
764325891
854361279
453627891
879564213
967845123
976832145
745361289
867512349
873245619
967583124
876435291
876593241
876543921
896312457
546783921
783452169
785462391
897345216
974568312
856793241
564237189
987423156
523467819
786341259
967845321
678954231
789342156
843125679
786945231
657438129
834562719
675431289
867342591
964573281
897643251
965741238
546378219
867943125
567834129
564723189
654371289
976453812
785694231
675324819
754623819
874532619
432156789
675342891
876324591
976521348
785463921
768953214
856734921
965783412
768345129
768934512
879521346
894523167
875693214
789643251
986453217
453612789
963421578
678432159
954236718
879562341
786451239
765894231
896457123
867459123
876954213
897632451
985423617
823456179
874325619
453671289
756831249
564123789
875462319
875643219
879324156
875346129
789531246
879542136
934256718
952346781
897564312
978213456
867954321
894235167
789652134
976523148
864573291
984231567
867593241
654789321
978453621
645378291
653421789
867534912
876512349
956423178
963124578
783451269
985346271
945612378
963425718
876542319
985463712
743562891
756849213
789632451
865749213
893456217
765438129
976213458
987542316
645738921
876923451
435678912
865479231
654723819
786459312
678435912
864235179
897435621
978534261
534627189
564789213
978632451
786952134
768534291
986234517
897423516
876453921
985643271
341256789
785231469
893456712
897654123
756892341
975684321
867932451
456378921
856324791
786549321
897645231
865341279
879634512
894521367
965437128
964573128
895423167
423561789
534621789
954236781
985321467
965748123
956478123
895642371
732451689
967834125
789645312
845326719
768549123
875634921
678945321
634257891
934256781
785346921
567342189
764583912
978456231
675489213
768593241
864579312
678593214
721345689
976845231
896342571
976542318
534672189
867451239
967452138
546378129
678934512
745312689
964578312
983456271
567489321
675432891
456781239
678342159
897652134
564378291
784512369
897421356
986457123
768943215
963425781
764235891
754123689
763452891
435126789
456372891
834251679
342567819
956234178
879564123
971234568
963457128
985234617
546237189
645789123
675483921
763425819
874356912
876594321
879321456
567432891
768213459
768593412
785436912
976453128
768423519
875623491
842356719
964537812
967845231
973452618
763458291
768923145
875643129
956748123
865342179
754683921
954367128
879563214
867541239
864312579
975682134
789456231
976548312
985634721
986742351
764123589
867945213
765489123
742351689
854623179
986532417
879653241
654789231
853412679
856742139
673458921
986345271
673214589
657312489
756834291
783245169
632457819
896743125
876934251
754689321
321456789
976542381
876912345
894563217
768342159
764235819
756893241
875234691
764538921
675834912
879563421
765324891
768945321
894567321
975682341
974352168
967543128
867934521
865437219
897651234
987642315
531246789
675821349
965472318
754612389
865734912
867954231
765432891
634578291
564738129
657431289
875623419
986542317
734562891
435672189
967583412
786951234
756893214
975436218
678954123
754213689
876953214
867321459
867549231
934526178
643257189
962341578
856432179
876345129
954213678
895462137
345216789
864357219
987654231
967532148
879342561
853241679
986574213
978534621
765431289
975681234
764358219
657321489
645327189
753426891
856437912
942356178
897532461
678453921
976312458
987234561
897562314
867521349
985342671
984213567
657891234
675893124
986457312
784356219
967523481
987345621
657342819
978564321
973456821
345261789
867943521
657348912
875694321
768532149
896213457
756423891
765432819
954671238
675893421
985642137
756841239
896741235
764231589
567843129
875623149
965472381
896574213
678231459
894562371
852341679
974523618
786542391
852134679
678543291
764582319
765834912
867523149
867542391
976584231
768549231
956748312
643578219
986543217
789643512
865472391
567489231
975436281
854637921
976458213
897645312
978543126
965341278
986572134
895673214
768943125
789532416
876952314
986512347
674581239
896742315
674325891
943125678
967432518
675348921
678412359
986234157
983452671
673451289
785324169
534678291
564738912
975342681
765893412
673245891
987543261
867345912
765843291
896745123
894356127
632145789
864532719
675832491
452316789
654327819
975683214
789651234
856423719
678452391
643572189
896734521
435267819
945637821
563427819
879643215
974351268
786591234
867435219
567321489
978456123
987435261
672314589
652347819
897456231
834526719
789623451
456327189
678954312
876954123
985641237
745682319
786945312
845637219
945236178
754326819
856479213
984532167
845321679
785632491
645123789
654738129
986572314
567324819
653471289
943567281
983412567
945673812
675894123
967581234
973245618
678549321
657849231
435672891
856234179
865749231
896751234
954672381
973241568
987562134
678459213
845632791
865412379
879546231
967432581
895463712
783452619
984325167
856321479
657842139
867594231
867452139
789654231
567231489
954361278
734568291
742356891
967542381
896723145
564789123
985467123
435678291
678435291
986123457
789345621
345672891
768321459
952346178
786531249
896742351
986734215
785631249
897341256
897632145
976542138
768459312
867953241
895436721
834567291
895463271
978532416
984325671
754689213
786453291
967548231
986231457
784325169
876543291
785643219
678532419
845673921
867543129
534627891
956421378
456783921
678945231
546327891
234561789
964235178
768453921
967834251
853461279
876941235
873425691
789341256
923456178
985423671
786543129
745362189
976453821
784562319
978453126
976534821
845367291
967584213
976834251
785462319
674589213
876534921
863412579
867452319
896423157
845679321
896734251
896754213
943251678
972341568
864532179
896743521
985463217
678941235
786345921
984235671
985346721
875213469
896512347
985674321
956742381
974563812
456378129
546738912
675342819
879641235
834526179
754638291
543672819
768453291
897564321
967854213
672345891
985631247
984563127
345678129
785632149
987345216
897342156
976853214
567483219
896573412
856231479
453621789
745638219
983456217
987543621
874562391
976435218
756438291
786123459
845623179
645372819
879642315
672341589
789534216
768412359
784312569
965782314
864523791
976584312
785693214
864123579
864537291
645783291
845367219
896345127
967345812
754236189
974536821
975683124
435678921
967543281
786459321
532416789
678945123
752346819
764589213
645378219
976853421
764321589
874235619
893456721
823451679
754689312
753421689
534216789
645732891
743562819
786312459
986734125
789523416
985432167
864531279
965478321
895346217
546712389
975634821
764523189
768534219
976583421
874536129
986721345
982341567
642315789
789453126
856734912
865742139
879345621
861234579
854367291
976458312
987456213
896234571
865123479
542136789
896523471
879435621
786934125
786234591
923145678
675823491
976435281
976852314
789561234
675893241
967584123
879534126
768943521
634257819
965783214
784123569
856793412
986731245
563478219
879534621
956347218
764523891
789432516
978453612
675432819
789563421
856743291
754689123
865741239
564378219
753214689
879546312
876123459
987654312
876952134
984536712
763452819
967234158
867594312
657893241
967341258
763458912
674213589
965347281
967854123
976432518
674523819
765438921
978542361
986753124
654782139
879421356
965734218
986312457
894356271
756832419
856479312
897546321
765834291
967453821
985673421
985643127
954123678
652341789
984536271
875346921
785693124
987563241
874356291
897456123
978534126
942356718
864573129
674589321
734521689
967548312
879634251
789451236
642357891
987634521
765483921
879532461
879653421
678945312
967534128
643125789
974568213
987523461
785346912
756834219
975648213
782314569
456738219
675892341
976534218
745326189
867921345
653472891
965712348
843526791
987345126
675213489
654782391
862345791
975621348
956347281
875324691
986732145
875234619
896534217
965478231
654237189
976435128
987564213
823415679
731245689
964235718
978654213
654372891
789345216
789452316
987632451
865743291
932451678
976548213
653478291
789423561
786549231
756832149
754621389
786934521
789634125
863124579
675483912
563472891
634578219
786459231
896457213
895342167
867592314
734562819
865234179
854637129
567423189
867923145
876594312
896542371
456723819
894213567
756812349
956783214
953412678
786542139
765849123
874512369
987531246
674538912
873421569
563241789
456371289
765893241
843562179
862134579
643572891
435627819
967584312
974356812
789653421
954312678
895647213
967412358
875342691
978523416
976582314
564723891
983214567
756894312
785643912
934521678
564378129
875641239
768531249
745683291
976534281
976834512
864352719
765834921
963412578
964213578
764581239
786943215
789541236
897543621
678543912
654783291
764538912
842135679
678423591
856791234
867421359
763241589
867453129
934256178
953246178
974563128
453267189
964235781
978643251
985623147
675438129
853214679
789546123
874523619
756483921
987523146
945236718
786943512
876951234
879324561
965721348
897532146
986543721
675423891
863245791
865423179
786542319
974532618
975631248
723415689
784569321
823145679
987546231
564738921
894352167
976412358
978642135
987643521
785649321
785691234
967342581
756489321
789534612
984563271
987342561
873412569
895643721
975648123
867431259
867532149
843562719
765841239
678549123
897542136
783241569
897642135
673245819
657234819
896345271
879643521
675894321
965321478
965731248
984356721
756412389
894123567
976324518
896743512
856749123
965782134
782341569
963457218
963241578
984321567
678923145
894325617
745362891
543627189
546321789
675832419
954678321
967853124
987345612
986734521
954632718
546738291
982345671
875694312
856732149
856794213
678452319
765348921
863245719
986541237
723451689
865473912
945236781
546213789
562341789
768594321
879564321
789521346
654237891
567843921
854236791
987123456
965743812
786943251
756348129
523461789
534672891
984235617
974325618
967324518
854123679
876594213
894523617
734568912
975641238
976432158
974536812
986573214
862314579
845632719
876592341
984512367
546783219
879561234
675348912
973452168
657823149
678234591
945367821
879123456
523467189
768592314
943562781
954367821
873456129
785643129
785469123
975642318
978541236
768934521
867934125
678954213
986547231
678541239
678435219
786453912
453678219
986523417
345672819
563421789
954632781
768234591
895324167
567894231
785692134
956784213
856734291
872341569
896547213
987543126
897523461
785469231
753241689
543267819
834567219
876234159
965347821
976345821
752341689
734251689
765412389
745368291
896752341
865794321
789542316
974356281
784351269
879654123
967324581
873425619
894351267
732456819
895423671
543627819
834562791
985463721
943215678
879432561
954362178
675894231
745632189
786954321
956743218
756324189
856723491
895123467
865732491
789453621
754623891
843521679
978623415
785123469
876931245
896573421
896752314
897345261
985213467
879523461
934125678
975642381
856794123
984352617
874532169
964357821
956473218
768345912
786523491
789345612
879642135
768435921
876432591
864579123
895346271
864357921
952346718
894562137
864537912
768432591
645783912
657483912
789634521
897543216
567438291
879435126
965784213
864572139
978543216
986423157
645327891
675489321
874325169
897412356
756342189
845673912
864523719
657324891
712345689
865731249
456783912
563124789
896435127
897562134
964578321
967342518
987564231
875634291
789123456
784356921
985461237
786324591
876213459
853467912
894356217
974235618
974562138
342516789
986421357
734568129
784352619
654723891
856473129
785432619
976845213
984536217
976458321
896542137
675834219
978342516
754231689
986712345
345627189
956782314
754368912
894356712
897534261
965473128
865347912
867213459
786423159
879456213
985346712
643578921
967853241
645782139
874563291
956478312
976582134
897234156
956473281
675483291
756849123
985324671
543216789
763425189
875649321
854367219
657423891
897534621
856473921
875463921
965421378
967854321
853462791
896574123
754623189
754683291
675823419
967845213
876459321
967583214
784532619
893452671
653247891
678542319
896753214
856723149
453678129
567438912
789653412
867435912
897453621
675834921
673458291
967853412
645237189
896421357
956784123
632457189
765832419
853124679
974235681
879623415
951234678
674583291
876234519
765823491
965431278
934567281
657892341
543678912
867941235
754638129
987435126
856432791
896534271
854679123
865793214
895674123
985234167
897512346
842356791
984531267
967582314
567834912
865231479
956342718
897641235
954632178
867423159
894512367
962134578
976581234
867954213
897452136
678953421
943521678
978562314
986745231
678923415
856437921
965342781
974352681
634572819
879435612
867942315
874356219
732145689
453267819
876532491
978234516
879234156
657841239
967435812
987324516
642357819
879423516
976841235
978546312
985341267
956734218
768943512
978435612
879563124
765481239
753246819
753468291
678943251
653472819
856794231
987546312
756342891
564372189
856792314
653478912
865437291
863457291
875432691
862345719
897543126
986453127
875324619
657342189
432516789
943567812
865421379
789643521
657438291
976321458
967584321
945637128
978123456
678234159
894567231
563472819
753462819
956342781
456321789
876435921
967453812
896721345
892345167
675482391
896234157
975432168
967823415
879341256
976584213
768549213
865749123
567489213
897621345
975234681
985123467
896345712
765892314
786423519
982345617
786534129
879432156
768952134
953467281
764531289
675348291
852346179
879653412
976583214
754312689
985342167
967321458
421356789
874351269
975684231
854326719
567438129
897312456
423516789
657834912
875649231
945362718
896547231
967821345
845312679
865793124
964572318
678345291
845367912
678593412
867942351
893421567
754362819
752134689
875642139
745638921
876932145
879634215
564738291
876459231
954637218
954678123
832451679
843567291
897653421
786953124
964537218
896753124
789562134
432567189
768952341
435267189
764325819
784563291
863457912
986532147
987412356
786934512
652347189
534267819
965347812
954367218
896573241
987563412
975342168
931245678
564372819
967523148
974532681
567324189
978432516
879632145
876432159
543612789
975648312
976534128
567894312
867934251
894567213
896732415
967542138
967843215
786923451
983245167
789532461
756843912
643521789
657849213
546723891
897642315
896435271
876943215
678421359
978653214
675842391
965781234
897453216
567831249
875642319
867594213
965743821
964572381
983421567
653478129
976854213
976324581
756231489
895412367
546738219
943567218
876534291
784563219
987653241
643527189
745682391
978345621
867453921
546237891
956347812
756483912
964537281
657483291
674521389
976842315
897645123
864573219
854236719
984123567
956782134
954367281
872345619
678431259
987453261
546782391
743251689
789435216
657843129
783452691
965732148
986745312
678945213
546789321
854673912
978563412
567893214
978532146
867943251
978563124
985632471
986534127
945362178
897634512
943526781
678532149
563247819
865431279
879213456
675891234
867592341
956472381
876945321
768423159
786459123
975436128
876953124
856324719
754368291
783456129
945671238
896234517
768435129
789634215
965423718
976584123
897234516
864231579
876542139
965742138
985421367
987653421
784536921
865437921
768942351
986734512
987631245
982134567
785621349
986534217
986341257
856734219
786593421
856794321
895346721
856341279
732456189
821345679
567843912
678531249
986542137
867952314
745326891
645372189
674358921
786534921
789632145
956213478
764589321
745368219
956783412
975623148
978532461
954326178
978564231
985423167
874569123
986324571
986453712
956781234
964578123
657893124
864235791
987561234
542367189
879453126
786231459
976842351
879631245
876452391
789563214
756823491
856723419
964512378
978651234
342561789
865732419
895432617
876342159
895673412
945367812
896324157
987512346
743568291
657483921
534671289
657348129
845632179
856712349
562314789
876453912
567432819
976854123
546738129
543672891
856793214
543678291
768945213
897634251
743562189
456378912
896754123
785649213
786549312
897612345
975684312
976832415
876593412
953426781
786941235
986572341
986453271
786523419
768594231
567834291
897534126
876432519
653214789
953467821
975463812
856421379
932456178
967543218
657412389
567438219
875634912
965412378
896532417
789653241
967842351
976548123
945673218
645327819
742356189
867549123
432567819
875436129
876943125
678953412
785642319
762345891
856793421
879546123
987623415
752346891
765234819
897453126
768542391
942351678
754368921
876543129
967231458
896453127
671234589
765812349
789534261
876345219
987654321
879651234
879643125
634571289
674235189
652314789
856347912
975421368
567892314
879654312
987321456
789453612
867593214
895467213
675432189
893214567
945632718
987621345
834256791
768341259
876341259
965742381
895672134
764235189
875694213
895634721
867234519
867542139
921345678
954612378
867593412
645782319
897432516
876549231
675483219
987642135
743568912
546231789
845123679
965472138
963214578
983245671
983456712
985634712
965437821
893412567
456327891
768534129
964351278
564783921
678594321
745368129
456782319
865794231
875461239
876945231
945326718
945673281
756892314
789564213
675421389
754683219
964521378
986574321
864213579
986213457
985647213
879412356
985634271
653247819
543678921
867543912
874352619
543627891
784356912
673458219
854631279
894567312
965347218
967458321
987453621
782345691
867934512
897623145
567834921
976345218
452136789
657834291
786953241
753412689
768953124
965783124
956312478
965783421
967432158
674583219
856731249
978632145
876451239
785341269
896432517
986743512
896754312
768923451
945632781
987543216
856432719
789432561
785469321
856721349
674538921
897456312
978345216
875693421
761234589
345678219
745623891
876435129
876932415
623415789
784352169
856472391
956437821
657831249
765432189
645789231
879312456
789563124
875649312
786459213
675321489
897534612
856473912
234567819
567312489
896547312
965734128
864573912
756894321
965471238
967345218
678932415
967854312
562347189
896345217
945326781
856213479
897213456
896574231
763245891
435627189
785634219
789435612
876459312
678521349
986753412
985674231
643512789
657849123
123456789
856732419
893456127
654738219
786942315
546721389
967213458
782345169
673124589
954672138
967523418
974312568
875431269
753468219
975324168
867943512
657432819
896742135
978564312
896341257
879653214
976345281
956734281
976853124
986521347
789546231
765231489
456237891
786543291
954623718
976234158
675892134
674532891
986723415
945673128
756482139
786952341
789534126
875436291
785632419
657438219
975682314
786945123
854367129
854637912
764213589
876934521
768943251
789324561
892345671
867931245
789345261
789452361
764589123
974523168
645378129
657893412
864579321
564327189
854326179
874536912
765894312
786431259
675482319
875691234
876423591
867432591
978642315
867345291
745682139
865472139
768451239
895467123
967345281
879534216
964357281
786594231
975342618
987534621
987645231
567849321
765438219
673458129
854673291
674352891
678593421
675341289
896435712
734568219
895346127
897345612
856749231
973451268
876932451
675348219
765894123
985436721
945367128
932456718
897652341
987643215
897643512
965473218
895672341
854632791
984562137
456123789
657234189
532467891
856123479
867952134
874523691
945637812
678341259
563412789
865473921
954623781
786453219
879652314
745236891
873452169
875423691
975234168
896453217
956234781
534627819
843567219
876923145
879512346
768534921
784536912
785412369
896572341
546327819
832456791
765348291
945123678
985632417
678943215
897564213
934215678
987634251
984567321
564732819
965347128
978563241
865479321
967532481
863241579
567843291
786932451
876549312
879452316
867932145
896453712
956347128
768459231
976345128
976823415
987642351
675843921
678523419
876943521
762134589
675234819
945623178
768945231
973245168
745681239
967542318
984562317
896753412
754321689
789543126
864351279
546723819
897546231
768523419
342567891
786934251
932456781
785462139
967852341
897654321
978521346
978546231
965473281
786592341
672345819
894231567
789431256
657894321
763425891
967345128
895436712
875423169
894532671
986431257
768543912
986324517
987453216
978324156
567483912
783425619
867532491
876534219
785634129
678951234
975412368
789645213
546237819
864357129
954637821
978563421
864537219
645783219
895674321
756834129
765342819
567892134
674582139
879645321
978523146
768452391
543672189
896743215
452367189
985462371
978324516
967834521
645237891
943562718
986435721
845673219
987645123
789621345
876534912
657421389
546783291
965342178
974321568
745689231
986457321
645732819
976843215
654789312
789345126
879435261
956342178
645723891
956748213
678432591
978452136
562347819
856347291
879452136
789456321
873456912
895631247
978645321
675412389
985674312
762345189
768345921
879231456
642351789
843215679
645738912
967832451
768342591
864579231
784561239
975632418
654789123
756894213
965784321
865324791
834561279
784569213
764352891
789432156
956732148
867951234
956432781
789564231
976531248
987543612
567849231
678953241
895647123
976458123
974356218
986432157
987342156
657823491
963245718
978345612
867453912
985346217
976583241
213456789
843526179
435672819
561234789
862345179
875469321
978542316
764358291
895673421
893245617
765123489
867953214
567891234
745326819
879643251
893425617
964123578
895234167
987452361
834567129
564372891
873425169
876541239
976852134
852314679
875693241
675832149
546731289
654321789
784356291
786945213
864235719
435678219
895321467
896752134
974231568
891234567
831245679
865347921
876452319
764532891
632451789
987654123
965478312
896743251
984567231
542361789
678543129
768931245
785321469
856749312
867594123
875432169
893456271
874235169
945678321
956123478
986452371
867912345
986754321
786954231
956743812
743215689
786594321
867324159
975632481
978431256
753468912
961234578
756489231
643578291
985634217
567834219
786549123
765894213
678342591
956731248
786532491
654781239
963245781
432561789
734526189
856794312
895346712
867435921
875463291
975423618
985431267
893451267
985673241
975468231
657832491
567123489
762345819
765843129
678534291
678594123
785436129
843526719
897543261
657894231
942315678
987562341
879534612
623457189
956723418
657489312
987453126
756348912
756438129
764532819
876534129
964572138
974512368
675834291
954673218
678952314
965123478
985612347
764358912
864537129
865743219
645783129
834562179
653478219
675482139
865479213
872134569
879645231
865723149
654731289
632415789
964523718
986547321
456789231
873214569
768932145
834215679
768324159
897546312
732415689
456721389
634521789
652347891
678593241
854672139
896574312
764583921
945231678
974356128
874562319
975231468
978341256
896432571
897645213
978621345
985672134
875346912
876594123
942135678
786435129
954621378
643572819
546372891
765213489
789452136
976341258
895231467
785342691
789543216
953467812
546732189
967435821
675438219
765483912
789546312
894536721
965437218
789623145
865721349
975423681
978456213
674512389
879652134
654378219
856437291
876531249
634572189
893452167
967451238
986745213
756894123
435678129
978623145
345267819
765832491
452367819
543261789
934567218
967312458
987546321
867231459
987432516
956723481
642357189
654783219
345627891
879642351
952341678
762341589
745689312
782345619
974563821
954673281
963452718
657834219
943526178
653472189
986754231
978421356
786453129
973412568
675423819
964523781
865742319
986534721
985672314
875234169
897423561
675481239
867953124
965342718
978653124
976324158
856423179
768954321
786532149
743512689
785643291
986753421
745623819
854671239
976584321
675812349
623457819
678592341
741235689
867953421
896324571
897653124
845362791
789456213
789563241
975436821
976421358
953461278
765423891
654789213
564783912
864325791
964321578
965437281
976453218
753246891
865312479
867932415
985621347
986574312
789564321
987563214
864521379
745362819
845367921
895647312
967324158
756843219
745632891
874569321
978234561
456732189
983425167
976512348
853426791
987324561
879423561
963452781
456237819
657489213
786543219
789421356
674532819
675489231
675892314
745612389
765834219
765894321
324516789
875436219
784569312
754362189
976532418
745638291
854679231
895674231
943567128
978451236
986345721
785469312
987643512
975234618
567894123
645372891
874523169
867549213
634251789
745368921
876459213
768951234
756489312
967841235
874352169
954673128
789234561
842356179
953467218
956437812
986543271
974325681
896457321
974532168
986451237
542367891
876423519
678324591
753426189
765832149
865479123
867459321
876942351
894235617
867345219
541236789
673241589
756123489
678943512
879643512
853467129
674352819
854326791
854673219
768512349
875692134
976453281
984521367
834512679
987341256
765893214
954678312
875231469
786435291
453672189
879654213
789453216
978542136
896734125
453678912
986342157
895673241
964352781
532467819
876952341
765348912
845612379
856479321
895436217
978652314
956712348
896453721
863425179
786213459
895312467
756234189
876593124
654378129
763458129
753246189
675831249
875423619
964325781
875692341
986342517
567348921
764312589
976532481
934567128
892341567
963425178
832456719
534126789
865321479
867453291
953241678
654783129
534678912
875469231
986534271
986745321
854367921
567843219
435216789
987452136
657834129
783214569
678953124
765843912
567832149
783124569
943256781
674235891
964578213
875692314
768549321
976831245
984235167
974325168
523416789
956732481
567849312
896452371
789542136
768954231
423567189
657231489
978432561
784523619
894531267
978654123
875642391
965423781
675123489
894325671
654123789
853246179
765834129
912345678
965234718
674523891
789456123
867954123
865712349
435671289
896451237
768532491
567821349
765342189
985634127
976342518
972345681
967823145
897456213
976345812
456732891
867532419
956734812
756432189
567342891
768591234
784536291
786342591
897453261
789342516
978342156
657324819
987563124
956783421
879562314
756843129
986453721
874569231
897423156
873241569
783412569
634512789
789543612
943526718
956437218
978412356
984567312
851234679
785436291
873456921
897542316
986452317
756849312
934562178
456738291
786954312
874562139
896723415
784235691
786412359
563247891
765489321
943512678
986321457
865743129
897561234
532461789
845679123
789435261
789654213
978452316
856347219
964357812
874563219
865749321
984532617
567893124
965234781
768435912
975463821
523146789
567432189
786521349
654237819
456783291
657423819
865324719
789634512
657894312
867345129
567823491
853462719
986754123
567489123
673412589
678943125
897564123
976342581
675489312
865743921
854673129
967548213
853467291
723456891
657823419
973456218
897234561
768592134
965478123
435627891
768594213
542316789
756893412
845671239
786934215
756431289
567423819
856742319
879451236
895674312
623145789
654738921
756234891
865342719
879645312
654721389
895234671
897563421
956437281
534678129
786523149
895436127
456312789
785423691
854213679
678523491
875312469
786421359
765234189
768593214
986435712
657438912
789623415
978231456
864352791
983456127
985623471
765823419
564789321
954678231
896532147
985467321
657821349
986753241
874561239
896523417
974235168
643578912
984352671
879423156
976842135
987324156
978645312
785432169
894321567
864512379
867534291
786512349
986547123
765849321
789645123
875463912
863457129
867435291
754632891
897435216
456738921
783421569
567431289
324156789
756842319
786543912
896521347
432567891
867312459
894567123
895612347
678342519
967843125
986573412
973456281
987641235
875123469
876549213
546789213
896712345
967832415
879632415
954631278
867543921
967423158
978534216
945367281
856312479
564783291
653427891
875469312
657832419
456782139
785346291
986457231
987234156
834256179
865792134
876945213
657234891
965432178
674582319
675849312
784532169
653247189
785234691
867942135
934561278
953246781
967423518
987546123
678435129
893241567
765423189
789412356
765821349
895641237
986752341
678324159
843567921
876231459
875634129
875649123
867234591
896531247
896547123
645782391
896745321
785623419
875632491
895462371
897231456
965783241
678942315
743256189
753124689
896541237
865792341
785692341
956412378
657341289
987345261
643527891
845672391
674123589
783456912
674538291
854637219
456782391
546372819
963451278
978623451
745689123
986752314
987231456
952134678
987435621
875694123
789435621
789231456
874536219
978321456
674325189
756849231
856743912
753462189
976543821
675849231
865732149
895461237
874352691
976234518
986742135
546378912
876921345
986432571
893425671
678345219
675842139
564731289
867452391
973425618
345627819
754683129
867342159
967423581
967548123
985674213
743568129
856734129
956742318
973456128
657348219
453678291
657432189
983425617
451236789
789523461
895642137
986547312
876324159
975463218
324561789
745213689
895213467
543267891
768934215
964531278
874536921
876435912
964532781
987623145
453672891
854231679
895643217
962345718
975643812
657892314
897653241
845362719
732456891
978345261
978423516
832415679
986531247
987654213
765423819
894536712
985643217
345621789
856793124
879623145
894235671
863452719
987456231
876523491
675834129
874531269
986741235
678543219
768912345
843256791
985643712
982345167
745632819
965478213
784321569
973425681
876453129
745231689
856749213
863425719
456231789
745638912
853426719
875632149
965473821
965748321
879532416
895634127
897653412
675849213
867341259
967521348
867945231
768452139
786549213
865473291
674325819
978645231
645312789
768543219
896342517
976582341
986534712
897452316
975463281
876549321
678594213
634215789
879612345
865437129
879623451
964357218
975346128
976821345
546782319
678943521
768954312
896452317
896571234
954637128
975346812
645378912
962345781
978643512
976543281
673452189
567234819
564732189
567438921
875621349
897342516
897634125
756893124
789423516
845231679
986745123
678324519
765489231
453678921
675843291
896731245
856743129
675234189
734256189
521346789
678934215
978634215
978512346
789564312
874563129
865213479
678923451
879534261
984351267
743526819
786435219
678523149
765482139
768543921
879563412
874569312
567483921
546723189
843561279
734215689
953462781
963457821
789645321
789534621
967532418
865793421
875631249
976543812
657812349
986743215
453627819
756481239
953214678
986574231
965432718
678932145
845236791
563214789
768523149
768594123
874123569
874563921
978543612
856234791
645712389
867453219
875693124
975462318
986345712
967458231
673425891
967843521
785612349
784532691
867342519
965723418
985674123
678542391
546789312
768942135
785463291
641235789
978435621
865432179
768952314
983451267
768593124
986543127
987632415
756823419
967453218
674235819
985312467
985467231
872345169
653478921
564312789
956472318
954362718
978523461
876324519
896573214
945672138
768523491
967543821
645732189
876234591
879546213
896732145
945631278
978345126
745689213
967823451
956734821
943567821
789641235
654732819
768345291
976458231
672134589
751234689
783425691
876942315
756821349
674583921
895234617
964325178
875341269
745638129
975468312
986523471
546732891
853246791
657843921
675438921
986734251
896543712
786592134
975123468
978641235
789642315
896423517
965432781
756834912
786342519
567841239
987534216
645738291
567348912
634572891
674358912
654723189
768542319
873452691
876934125
845673291
896572314
453267891
753468129
867423591
934512678
945321678
963452178
563478921
975462381
965748231
897432156
876453291
879653124
845637129
854367912
785436219
897324516
965723481
865794123
986435217
768932415
896432157
865432791
562347891
945672318
657834921
945213678
784235619
768941235
768453219
785642139
856749321
324567891
863451279
965743218
763245189
967453281
763214589
954362781
972345168
657482391
645321789
854312679
964357128
956432718
879634125
956743821
678459123
753468921
674231589
896745231
972134568
856479231
765324189
865347291
953426718
987456312
897523146
897643215
985632147
982314567
456213789
654231789
756893421
785324691
657483219
863457921
895432167
967843251
745683921
567894213
984567213
856472139
976823145
895436271
983452167
897642351
567823419
789562341
785469213
876412359
876943251
657438921
786541239
723456819
756489213
786345129
634527891
789643215
876453219
986342571
342567189
546123789
675348129
967435128
865734219
867531249
657489321
567894321
743256891
765483219
876954312
756348921
943561278
564327891
786423591
897632415
985647321
945637218
312456789
546378291
785423619
897546123
897453612
972314568
978652341
675894213
456372819
768324519
895431267
756213489
945672381
984312567
986743125
765421389
765489312
512346789
657892134
754368219
765823149
785694312
843567129
785431269
895632471
923451678
863452179
976231458
754689231
965742318
678512349
978653421
956321478
789654321
652134789
763458219
876594231
768921345
965734812
856472319
768932451
345678912
876923415
964352178
784536129
875462139
978632415
965437812
967453128
895643127
975683412
764583291
789546321
967584231
678594312
764538291
895634271
986432517
865324179
867345921
789435126
896754231
879523416
967812345
653412789
865234719
763245819
764521389
789634251
856792134
854673921
845631279
854632179
879345216
984356127
897634521
897654231
987645312
564783219
653427819
765324819
967458312
745689321
654312789
945637281
987542136
765321489
567893421
784325691
789653214
934567821
845367129
975632148
345267189
896452137
673245189
967854231
785234619
657832149
543678219
754682391
832456179
875612349
895623471
985467312
932145678
987534126
783456921
657483129
786942135
872314569
896123457
786923145
435261789
763124589
978654321
785463129
657842391
564237891
768123459
875632419
983425671
856412379
786435912
456783129
765892134
546378921
895671234
768453129
953124678
874521369
976843125
643527819
845672319
974536218
674538219
845213679
872345691
745623189
987532461
879453621
967512348
976832451
756482391
865723491
894536217
967342158
978435216
452367891
865793241
895647321
789543261
986742315
456731289
754368129
674351289
854632719
965784231
986324157
756423819
784569123
789523146
875643921
854672391
876934215
631245789
745236819
834567912
956721348
765341289
756489123
978562341
987623451
546781239
789643125
867534129
987432561
785693412
765348219
845362179
865472319
765483129
765849231
456237189
895642317
612345789
941235678
974123568
674532189
896745312
956472138
897435126
978546321
654213789
674589123
765842139
845679231
567482391
765842391
342156789
456723189
873245691
876549123
956423718
976423518
978642351
986532471
956723148
534678219
974536281
854679213
895674213
987534612
678453912
678213459
985643721
784531269
785346129
987435612
563427189
678423519
678592134
765843219
945678231
953462178
986412357
675893214
974531268
567842391
743521689
856347921
879563241
985436712
756843291
879654321
543678129
786953421
973456812
754326189
876523419
754638912
956471238
879542316
956324781
674352189
763451289
843256719
785432691
974568123
789652314
879634521
967435218
867593421
985436271
965231478
865423791
674321589
975461238
756438912
534612789
874312569
743568921
768534912
978612345
894532617
532467189
983456721
987564123
852346791
783245691
896534127
567412389
768452319
785641239
865473219
897431256
765842319
945621378
865479312
986345217
974568231
756312489
789653124
975648231
945361278
896435217
894312567
567348291
675843912
785642391
834125679
876943512
786952314
894536127
765234891
954326781
956423781
987546213
634578129
678934521
976423581
412356789
546312789
786234159
678432519
734526891
875469213
876953241
742356819
756483129
876345291
978654231
543671289
985324167
985647123
964352718
987423516
854362179
786593241
879324516
675324189
896457231
897654312
784213569
975684213
875649213
986743521
896754321
964325718
974536128
678932451
764325189
879543216
768593421
897562341
764582139
964537821
856342179
897456321
965748312
967435281
768541239
786534219
876543219
768435219
975463128
987653412
567481239
786942351
954637812
975634812
987542361
853426179
789453261
895647231
867123459
895672314
943256718
789543621
896547321
845326791
786345291
867412359
645231789
874213569
742315689
974352618
756849321
986723451
674531289
856234719
956732418
543126789
964573812
823456791
657324189
967534821
985342617
673425819
675342189
895643271
875421369
862341579
784569231
785463219
956743128
435612789
975643281
965324781
654378921
789456312
975312468
978563214
645789312
657894123
784562139
967851234
896542317
984356271
643257891
954231678
675489123
784523169
643571289
896543721
972345618
894325167
956784321
876945123
965784312
976435821
976532148
975341268
456378291
967583421
984523167
742135689
745683129
456789312
834526791
785312469
768345219
752346189
874231569
879645123
986547213
952314678
345678291
856342791
786532419
975432681
856741239
567893241
768542139
789234156
782134569
963457812
657423189
657893421
564712389
678345912
865793412
875463219
967852314
876345921
623451789
764352189
975683241
845623791
753462891
983452617
987643251
234567891
876342591
867523491
345126789
976843521
978453216
873452619
879453216
867423519
897345621
785634291
984523671
845679312
945312678
675843129
967843512
856732491
789342561
654738291
832145679
657489123
643257819
897563241
674358291
657348921
657432891
765891234
865432719
879543612
893245167
897643521
673421589
985671234
324567819
895462317
897542361
879234516
945678312
976823451
675894312
895634217
962345178
967543812
967852134
976834215
967582134
986754312
974561238
786594312
896734215
546783129
867945321
785423169
876459123
974356821
865347219
678912345
764532189
984563217
678952134
745321689
895342671
756892134
785324619
897563214
895634712
786543921
786234519
975346218
785342619
986573421
789654123
867459231
876954321
967853214
985462317
456712389
875436921
564721389
984563712
856742391
657843912
645237819
895632147
783456219
856437219
865342791
975684123
534267891
763452189
895623417
765893124
976523418
634527819
896532471
765893421
985642317
651234789
674523189
765438291
768953241
675849321
678543921
645723819
678953214
854236179
854623791
856743219
564327819
867543291
976543128
985463271
975423168
654783912
743125689
987564312
864321579
345678921
956784231
768342519
876592314
986457213
987453612
564231789
786921345
967832145
895621347
563471289
967234518
976583412
895463217
764352819
657481239
765348129
984352167
863245179
678591234
784231569
657213489
976843251
756842139
785634921
756842391
975346281
956478231
564732891
645723189
945367218
945673821
986732451
876435219
873124569
675423189
975213468
934251678
975623481
764538219
864325719
956473128
567892341
896412357
768953421
546372189
642135789
678453291
675234891
895463721
953246718
976523481
734256891
897435261
976853241
978543261
895341267
897534216
874235691
875324169
986574123
674582391
789563412
894536271
734562189
786932145
965782341
789312456
843512679
894523671
784325619
654372819
785693241
789234516
978456312
985412367
876423159
985673214
875463129
879564231
765438912
768459321
856423791
423567891
435267891
564781239
785623491
756341289
987562314
967234581
987643125
978653412
978634125
876532419
895423617
932415678
975643821
657842319
789654312
564237819
978342561
786452391
854637291
986752134
345612789
567324891
765342891
768234159
867953412
879342156
987532146
867549321
975436812
542367819
876934512
645371289
874536291
875342619
894563127
756432891
978546123
564723819
678534219
865734129
678423159
865794213
976834125
768312459
967845312
745683219
756423189
954321678
856347129
978564213
865723419
756483291
985436217
785213469
896231457
879456231
897563124
976541238
976852341
967834215
876954231
765831249
654327189
987521346
786943125
987651234
734561289
876942135
875412369
768954123
978432156
964532718
854672319
856437129
621345789
756832491
754236891
987451236
864573921
678459321
978564123
978654312
745368912
645378921
764358129
764583129
863421579
896572134
985432671
978652134
896457312
645789213
864523179
785692314
567482319
867459312
978645213
956432178
564789231
784562391
784356129
856324179
967431258
976342158
953426178
895463127
875694231
567234189
879453612
567341289
987312456
789612345
453261789
864572391
678592314
764358921
546371289
945623718
985673124
567842319
987612345
897543612
964312578
786324159
985324617
874356129
978423561
765489213
785623149
834521679
863425791
978634521
894532167
768532419
743561289
643578129
768421359
789546213
956734128
896574321
875643912
867592134
956784312
743526189
567342819
768543291
784536219
865423719
987421356
546789123
567483291
896324517
976543218
976854321
986723145
876591234
534672819
973452681
965324178
852346719
783245619
985462137
987653214
978643215
896453271
453627189
978312456
564378921
864352179
895643712
756321489
876345912
567348219
745621389
975324618
897452361
768549312
345672189
768923415
543621789
786954123
768431259
567489312
786594213
894356721
879652341
879562134
734526819
854679321
879546321
956783241
876953421
967458213
875342169
984356712
987645213
984536721
956478321
543267189
953462718
987431256
678534921
867594321
897342561
945623781
873456291
763458921
745631289
896534712
786953412
879342516
768234519
896732451
856431279
985467213
456783219
984562371
975468321
854362791
678534129
897532416
978531246
768594312
987234516
879564312
865471239
897541236
853467219
973214568
843256179
756834921
984523617
654732189
985436127
867591234
567832491
943562178
567421389
967548321
876592134
657843291
675438291
786345219
753426819
654712389
673458912
896753421
987652314
876452139
768459213
654378291
823456719
895421367
975324681
987456123
456789123
895632417
345267891
784521369
876593214
853421679
756438921
563478291
634578921
954367812
785421369
956473821
768432159
789631245
873456219
765482391
965748213
879532146
987456321
865749312
675312489
563247189
768934125
897546213
867534219
654732891
678345921
678452139
756421389
986571234
978645123
985234671
768432519
865742391
867542319
986423571
754632819
456378219
789512346
564782139
964523178
564782391
956341278
867945123
974523681
865743912
845672139
879456321
896745213
856342719
987213456
623457891
953467128
785634912
532146789
567348129
842315679
865794312
875634219
965743281
879543621
654738912
634257189
786324519
845623719
854321679
784563129
785346219
897563412
876342519
867523419
978534612
785643921
786594123
983245617
874321569
723456189
785342169
867234159
987435216
875469123
845236179
845637912
234156789
789652341
645781239
967534812
976834521
983241567
867324591
893245671
785694321
564789312
567812349
894563271
987534261
756348291
894563721
986751234
675849123
976854231
674358219
856473291
894352617
987634215
456372189
654378912
789321456
657849321
897324561
786932415
965734821
756891234
546789231
865791234
786943521
871234569
984532671
984563721
985231467
678312459
986573241
873451269
864579213
864357912
956324178
976123458
765849312
956741238
456732819
956234718
975683421
976435812
786432591
768592341
678451239
456723891
986523147
875346291
974568321
975648321
534678921
567849213
965723148
967458123
987632145
845361279
756823149
896543271
678942135
765843921
865734291
987564321
765483291
987645321
954637281
973245681
745123689
634125789
978324561
976843512
976234581
673452891
768324591
876321459
854623719
897631245
892134567
645738129
643251789
867543219
895467321
653427189
876431259
897654213
978423156
843567912
897451236
567482139
956431278
967831245
984561237
784563912
987452316
653241789
896523147
675841239
976845312
678459231
768459123
786435921
786954213
896723451
453672819
986753214
867945312
562134789
956742138
534261789
523467891
789324156
879541236
768945123
865234791
956437128
978631245
756234819
678549312
875436912
894561237
734568921
762314589
896573124
934526718
974521368
963245178
678435921
843562791
896342157
975468213
678453219
675324891
976431258
786534912
974213568
874532691
876543912
756342819
546783912
734256819
875432619
657894213
863457219
895324617
967534218
854612379
954673821
987634125
563472189
897123456
785649231
784523691
834567921
678321459
985432617
786453921
879345261
879345126
754638219
785693421
789423156
657893214
965423178
785461239
879645213
874325691
567823149
423567819
875462391
452361789
875643291
967421358
973425168
456789213
745236189
873245169
785463912
567849123
756438219
674589231
985463127
987653124
978643125
678549231
675231489
975642138
345671289
756324891
867593124
962314578
786452319
986435127
956782341
879621345
768453912
456738129
765849213
674358129
965743128
678542139
786593124
876542391
675843219
564321789
756432819
897432561
976534812
934526781
675483129
865792314
867954312
675823149
956743281
845679213
546782139
768953412
895467231
754638921
985672341
756483219
976583124
985642371
897643125
967534281
786345912
678594231
785436921
987652134
763421589
753461289
789564123
986732415
534267189
984567123
895623147
945678213
967583241
973124568
564738219
965473812
978435261
678921345
896753241
879632451
