5674312
6572314
4352617
7546321
7562314
5341267
7642351
6435217
5423167
4356217
7432156
5463712
6452137
6732145
7512346
7453216
6312457
5432167
7534126
7231456
6412357
5346127
7546231
5642137
7654213
3425671
6723415
5632147
4567321
7453612
7631245
7654312
4356721
4523167
7623451
3456712
4562137
6534217
5436217
6512347
4563127
7653124
7234516
7342156
6534712
4231567
6542317
6723145
4523671
7412356
6734125
3452167
6523471
6532147
5674123
7456231
6345271
4325167
5672134
6423571
6743125
3451267
7234156
6754213
6547231
7561234
5432671
4562317
6745213
7534261
5643217
6745321
5641237
6743251
5634217
6731245
6457321
6432571
3412567
6431257
5674231
4235617
5431267
6742315
5342617
5647312
7546123
7523461
5643721
7563412
7546213
6452317
6572134
4563217
5612347
7634521
7632451
7654123
5634127
5647213
5436721
7324156
7562134
7564213
7652134
7324561
7541236
5672341
5234617
6342571
3456217
6574123
6543217
3214567
2345167
6534127
5467321
4567213
5346721
4536127
5631247
7456123
6754321
7534621
6752341
7634251
4352167
4536217
5623147
6321457
5671234
6573124
6457231
7654231
5234167
7523416
6521347
5673214
5421367
3124567
6453217
6754123
6457213
2134567
7451236
5436127
5346271
7452361
7345621
4563721
6745231
7652341
7324516
5463217
7645213
7543621
5324617
6324571
6531247
7653421
6547123
5673421
2345671
6432157
7652314
6574213
4356271
7523146
6453127
6457123
4351267
6123457
6734251
7521346
4213567
5642317
6453721
6734521
7345126
6574312
5643127
4235167
5647123
5467213
5632417
6213457
6754231
7651234
7532461
7564231
6743521
4325671
5342167
7531246
3245671
4523617
5436271
7452316
4567123
7345261
7542361
6753421
7641235
5643712
5463721
7435261
5467123
6435721
7632145
7645321
5423671
6532417
5647231
6573412
4512367
6571234
6543127
7542136
4532617
6534721
7532146
6721345
6345217
7543126
5634271
7564321
1234567
7532416
4235671
7645231
3452671
4567231
3241567
6423517
7563241
7643512
6345721
7643215
7345216
7564123
5324167
7542316
5673124
7543261
5462317
7435621
6423157
7435216
7456312
5643271
7653241
7453621
5621347
2314567
7546312
7345612
6543271
5672314
3456271
3456721
5412367
6732415
6723451
6754312
6574231
4563271
6742351
7435126
5673412
5634721
7642315
5623417
6753124
5231467
5321467
7341256
5467231
6234571
7645123
7543216
6453271
7645312
5632471
6345127
7534216
4356712
5324671
4352671
6572341
4536721
7432516
7321456
5463271
3425617
6752314
7623145
7562341
4532167
5647321
7623415
6732451
6457312
6541237
2341567
6543721
7423156
7452136
6743215
7621345
4567312
6712345
7612345
7423561
3456127
6345712
6753241
2345617
6532471
3425167
6435271
5436712
6523417
6547321
7564312
6741235
5674321
6745312
6534271
5462137
4325617
5642371
6342157
6542371
5461237
5467312
5346712
7123456
3245617
5213467
7634215
5463127
4532671
6435127
5634712
6523147
5462371
4562371
7435612
7632415
6742135
7423516
6234157
6574321
5423617
4312567
4321567
6421357
7654321
3245167
5123467
4563712
5342671
5432617
6341257
6324157
7312456
7634512
3452617
7653412
4561237
7342561
6432517
4356127
7432561
6752134
7642135
6543712
6542137
7653214
7563124
6573241
7543612
5312467
6751234
4521367
7563214
4536712
6451237
7534612
7456213
6452371
6547213
7643125
7456321
3421567
5623471
4536271
4123567
6342517
6231457
5346217
7453261
6547312
7421356
7453126
6745123
7234561
5674213
6453712
7643251
6734512
7213456
5234671
6753412
7643521
7563421
6324517
6573421
7634125
4531267
6734215
7342516
6743512
6435712
5673241
6573214
7431256
6234517
6753214
